1.000
1.000
1.000
0.435
1.000
1.000
0.435
0.435
1.000
1.000
1.000
1.000
1.000
1.000
1.000
1.000
1.000
1.000
1.000
1.000
1.000
0.425
0.465
1.000
1.000
0.455
0.425
0.425
0.465
0.465
1.000
1.000
1.000
1.000
0.422
0.399
0.999
1.000
0.562
0.422
0.422
0.399
0.399
0.999
0.237
0.237
0.237
1.000
1.000
1.000
0.378
0.520
0.486
0.471
0.447
1.000
1.000
0.437
0.471
0.465
0.433
0.378
0.378
0.496
0.473
0.433
0.520
0.520
0.657
0.573
0.486
0.486
0.664
0.471
0.471
0.447
0.447
1.000
1.000
1.000
1.000
1.000
1.000
1.000
1.000
0.759
0.759
0.230
1.000
0.583
0.230
0.229
0.583
0.461
0.461
0.461
1.000
1.000
1.000
1.000
1.000
1.000
1.000
0.631
0.556
0.631
0.556
0.518
1.000
0.685
0.685
0.440
1.000
0.526
0.440
0.455
0.526
1.000
1.000
1.000
0.374
1.000
0.814
0.372
0.371
0.814
0.397
1.000
0.624
0.303
0.397
0.397
0.420
0.624
0.303
0.307
0.444
1.000
1.000
0.444
0.444
1.000
0.336
1.000
1.000
0.334
0.336
1.000
0.363
1.000
1.000
0.363
0.363
1.000
1.000
1.000
1.000
0.368
1.000
0.715
0.366
0.367
0.715
0.305
0.474
1.000
0.750
0.288
0.454
0.305
0.303
0.285
0.474
0.459
0.255
0.750
0.288
0.285
1.000
0.630
0.630
1.000
0.572
0.572
1.000
1.000
1.000
1.000
1.000
1.000
1.000
1.000
1.000
1.000
1.000
1.000
1.000
1.000
1.000
1.000
0.611
0.611
0.423
0.434
1.000
1.000
0.408
0.423
0.423
0.434
0.434
1.000
1.000
1.000
1.000
0.810
1.000
1.000
0.810
0.810
1.000
1.000
1.000
1.000
1.000
0.510
0.510
1.000
1.000
1.000
1.000
1.000
1.000
1.000
1.000
1.000
0.419
1.000
1.000
0.419
0.419
1.000
1.000
1.000
1.000
1.000
1.000
1.000
1.000
0.732
0.732
0.375
1.000
1.000
0.375
0.375
1.000
0.236
1.000
0.811
0.409
0.236
0.233
0.313
0.811
0.409
0.408
0.212
1.000
1.000
0.212
0.212
1.000
0.398
1.000
1.000
0.398
0.398
1.000
1.000
1.000
1.000
1.000
0.594
0.594
1.000
0.565
0.565
1.000
1.000
1.000
1.000
1.000
0.533
0.519
1.000
0.533
0.519
0.533
0.519
0.514
0.567
0.491
1.000
1.000
0.527
0.567
0.567
0.491
0.491
1.000
1.000
1.000
1.000
1.000
0.535
0.347
0.535
0.347
0.344
1.000
1.000
1.000
0.434
0.434
0.434
0.422
1.000
1.000
0.533
1.000
0.533
0.533
0.515
1.000
1.000
0.515
0.515
1.000
0.513
1.000
1.000
0.513
0.513
1.000
1.000
1.000
1.000
0.528
1.000
1.000
0.528
0.528
1.000
1.000
0.721
0.721
1.000
1.000
1.000
0.366
0.366
0.366
1.000
1.000
1.000
1.000
0.635
0.635
0.363
1.000
0.701
0.363
0.364
0.701
1.000
1.000
1.000
0.283
0.304
1.000
1.000
0.429
0.282
0.281
0.303
0.302
1.000
0.431
1.000
0.531
0.429
0.378
0.531
1.000
1.000
1.000
0.776
0.412
1.000
1.000
0.409
0.776
0.776
0.412
0.412
1.000
0.681
0.662
0.407
1.000
0.591
0.418
0.776
0.412
0.681
0.556
0.407
0.409
0.662
0.537
0.380
0.407
0.407
0.305
0.591
0.418
0.403
0.409
1.000
0.570
0.339
0.409
0.410
0.324
0.570
0.339
0.333
1.000
1.000
1.000
1.000
1.000
0.325
1.000
0.325
0.325
1.000
0.695
0.695
1.000
0.665
0.665
1.000
1.000
1.000
0.370
1.000
0.736
0.414
0.370
0.370
0.500
0.736
0.414
0.415
0.436
1.000
1.000
0.438
0.436
1.000
1.000
0.701
0.701
0.488
1.000
1.000
0.488
0.487
1.000
1.000
0.697
0.697
0.497
1.000
0.693
0.420
0.497
0.497
0.376
0.693
0.420
0.421
0.576
0.576
0.494
1.000
1.000
1.000
0.477
0.576
0.576
0.477
0.576
0.576
0.494
0.494
1.000
0.490
0.490
1.000
1.000
1.000
0.490
0.490
0.490
0.490
1.000
0.568
0.509
0.544
1.000
1.000
0.477
0.490
0.568
0.568
0.542
0.509
0.509
0.544
0.544
1.000
1.000
1.000
1.000
0.542
1.000
1.000
0.542
0.542
1.000
0.329
1.000
1.000
0.329
0.329
1.000
1.000
0.539
0.539
1.000
0.732
0.732
1.000
1.000
1.000
0.451
0.432
1.000
1.000
0.355
0.403
0.451
0.451
0.377
0.432
0.432
0.389
1.000
0.355
0.355
1.000
0.507
0.507
1.000
0.745
0.745
1.000
0.517
0.517
1.000
1.000
1.000
1.000
0.959
0.348
0.959
0.348
0.349
1.000
1.000
1.000
0.448
0.423
1.000
0.527
0.399
0.448
0.448
0.448
0.431
0.423
0.423
0.399
0.527
0.399
0.399
0.399
1.000
0.563
0.462
0.399
0.400
0.359
0.563
0.462
0.458
1.000
0.511
0.374
0.511
0.374
0.367
1.000
1.000
0.322
1.000
0.322
0.322
0.393
0.522
1.000
1.000
0.399
0.393
0.393
0.523
0.522
1.000
0.376
1.000
0.566
0.431
0.376
0.376
0.322
0.566
0.431
0.432
1.000
0.509
0.509
0.305
0.358
0.349
1.000
1.000
0.438
0.391
0.305
0.305
0.513
0.358
0.358
0.349
0.349
1.000
0.507
0.999
0.999
0.503
0.503
1.000
0.339
0.999
0.505
0.333
0.338
0.505
1.000
1.000
1.000
0.369
1.000
0.782
0.369
0.369
0.782
0.449
0.518
0.460
1.000
0.506
0.457
0.391
0.449
0.455
0.469
0.518
0.511
0.460
0.489
0.506
0.439
1.000
0.522
0.439
0.414
0.522
0.366
0.366
0.366
0.305
1.000
1.000
0.497
1.000
0.497
0.497
0.389
0.400
0.536
0.441
1.000
1.000
0.431
0.429
0.569
0.389
0.389
0.390
0.457
0.400
0.400
0.520
0.536
0.536
0.441
0.441
1.000
0.302
1.000
1.000
0.302
0.302
1.000
1.000
1.000
1.000
1.000
1.000
1.000
0.394
1.000
1.000
0.315
0.394
0.394
0.321
1.000
0.315
0.315
1.000
1.000
0.299
1.000
0.299
0.299
0.319
1.000
1.000
0.319
0.319
1.000
1.000
1.000
1.000
1.000
0.432
0.432
1.000
1.000
1.000
1.000
1.000
1.000
0.390
0.457
1.000
1.000
0.520
0.390
0.390
0.457
0.457
1.000
0.429
0.569
1.000
0.763
0.520
0.429
0.455
0.569
0.565
0.763
1.000
0.586
0.586
0.522
0.522
0.522
1.000
1.000
1.000
0.383
0.383
0.383
1.000
1.000
1.000
0.334
1.000
0.509
0.462
0.334
0.331
0.340
0.509
0.462
0.460
0.249
1.000
0.527
0.249
0.245
0.527
1.000
1.000
0.326
1.000
0.326
0.326
0.355
1.000
1.000
0.355
0.355
1.000
0.301
0.301
1.000
1.000
0.454
0.491
0.301
0.301
0.387
0.301
0.301
0.347
1.000
0.454
0.454
0.354
0.387
1.000
1.000
0.496
0.354
0.354
0.387
0.387
1.000
0.355
1.000
1.000
0.330
0.355
0.355
0.322
1.000
0.330
0.330
1.000
1.000
1.000
1.000
0.507
0.507
0.481
0.406
1.000
1.000
0.515
0.481
0.481
0.406
0.406
1.000
1.000
1.000
1.000
0.783
1.000
1.000
0.783
0.783
1.000
1.000
1.000
1.000
1.000
1.000
1.000
0.426
1.000
1.000
0.426
0.426
1.000
1.000
1.000
1.000
1.000
1.000
1.000
1.000
0.523
0.523
1.000
1.000
1.000
1.000
1.000
1.000
1.000
1.000
1.000
0.581
1.000
1.000
0.450
0.581
0.581
0.409
1.000
0.450
0.450
1.000
1.000
1.000
1.000
1.000
1.000
1.000
1.000
0.526
0.516
1.000
0.526
0.516
0.526
0.516
0.546
0.999
0.670
0.670
1.000
1.000
1.000
1.000
0.520
0.520
1.000
0.530
0.530
1.000
1.000
1.000
0.647
1.000
1.000
0.647
0.647
1.000
1.000
1.000
1.000
0.317
0.352
0.320
0.374
1.000
1.000
0.380
0.396
0.419
0.317
0.318
0.438
0.382
0.352
0.354
0.335
0.320
0.322
0.374
0.375
1.000
0.598
0.598
1.000
0.355
1.000
1.000
0.355
0.357
1.000
0.994
1.000
0.995
0.377
0.408
0.380
1.000
1.000
0.438
0.382
0.377
0.377
0.335
0.408
0.408
0.380
0.380
1.000
0.330
0.472
1.000
0.772
0.374
0.330
0.331
0.472
0.466
0.772
1.000
0.741
0.741
1.000
0.999
0.999
1.000
0.518
0.518
1.000
0.729
0.729
1.000
0.579
0.579
0.520
1.000
0.506
0.521
0.450
0.506
0.425
1.000
0.522
0.425
0.421
0.522
0.386
0.434
1.000
0.729
0.351
0.386
0.386
0.434
0.435
0.729
0.591
0.444
0.389
1.000
0.508
0.386
0.435
0.591
0.463
0.351
0.444
0.444
0.389
0.385
0.508
1.000
1.000
1.000
1.000
1.000
1.000
1.000
1.000
1.000
1.000
0.510
0.510
1.000
0.707
0.707
1.000
1.000
1.000
0.649
0.535
1.000
0.713
0.586
0.649
0.647
0.535
0.561
0.713
1.000
0.645
0.499
0.645
0.499
0.429
1.000
0.677
0.677
1.000
0.516
0.516
1.000
0.677
0.677
0.284
1.000
0.504
0.284
0.277
0.504
0.474
1.000
0.718
0.474
0.479
0.718
1.000
1.000
1.000
0.467
1.000
0.665
0.466
0.480
0.665
1.000
0.708
0.708
0.320
1.000
0.692
0.320
0.322
0.692
0.502
0.289
0.428
1.000
0.761
0.276
0.456
0.502
0.491
0.301
0.289
0.289
0.428
0.428
0.761
1.000
0.807
0.807
1.000
0.505
0.505
1.000
1.000
1.000
1.000
1.000
1.000
1.000
1.000
1.000
1.000
1.000
1.000
0.445
0.426
1.000
1.000
0.469
0.447
0.445
0.428
0.426
1.000
1.000
1.000
1.000
1.000
1.000
1.000
1.000
0.811
0.811
1.000
1.000
1.000
1.000
1.000
1.000
1.000
1.000
1.000
1.000
1.000
1.000
0.369
1.000
0.761
0.369
0.369
0.761
0.406
0.426
1.000
1.000
0.535
0.406
0.406
0.426
0.426
1.000
1.000
1.000
1.000
0.358
0.297
1.000
1.000
0.377
0.358
0.358
0.297
0.297
1.000
0.350
1.000
0.923
0.350
0.350
0.923
1.000
0.583
0.583
1.000
1.000
0.400
1.000
0.400
0.400
0.336
0.378
0.336
0.336
0.302
1.000
1.000
0.302
0.302
1.000
1.000
0.765
0.765
1.000
0.632
0.632
1.000
0.646
0.646
1.000
1.000
1.000
1.000
0.577
0.577
1.000
0.646
0.646
1.000
0.616
0.616
0.508
1.000
0.613
0.508
0.506
0.613
1.000
1.000
0.447
0.486
1.000
0.446
0.485
0.447
0.486
0.576
0.480
0.613
1.000
1.000
0.476
0.480
0.480
0.613
0.613
1.000
0.469
1.000
1.000
0.475
0.469
0.468
0.576
1.000
0.475
0.474
1.000
1.000
0.443
1.000
0.443
0.443
1.000
0.985
0.509
0.985
0.509
0.508
0.621
1.000
0.508
0.621
0.488
0.508
1.000
1.000
1.000
0.489
1.000
0.855
0.489
0.489
0.855
1.000
1.000
1.000
1.000
1.000
1.000
1.000
1.000
1.000
0.418
1.000
1.000
0.418
0.418
1.000
0.556
1.000
1.000
0.432
0.556
0.556
0.403
1.000
0.432
0.432
1.000
1.000
1.000
1.000
1.000
1.000
0.380
0.371
0.312
0.274
1.000
1.000
0.333
0.513
0.460
0.422
0.380
0.380
0.448
0.432
0.403
0.371
0.371
0.448
0.628
0.312
0.312
0.443
0.274
0.274
0.403
1.000
0.333
0.333
1.000
1.000
1.000
1.000
0.970
0.403
0.970
0.403
0.404
1.000
1.000
1.000
1.000
0.741
0.741
0.433
0.675
0.675
0.434
0.434
1.000
1.000
1.000
1.000
0.463
1.000
0.587
0.463
0.402
0.587
0.565
0.455
1.000
0.739
0.417
0.565
0.543
0.455
0.497
0.739
1.000
0.647
0.647
0.524
0.402
1.000
0.522
0.517
0.524
0.519
0.402
0.406
0.522
1.000
0.613
0.613
0.538
0.457
0.500
1.000
0.690
0.535
0.513
0.538
0.536
0.465
0.457
0.560
0.500
0.475
0.690
0.513
1.000
0.597
0.513
0.434
0.597
0.429
0.409
0.486
0.424
0.999
0.638
0.432
0.571
0.500
0.425
0.428
0.541
0.434
0.403
0.411
0.561
0.482
0.487
0.420
0.426
0.637
1.000
0.540
0.540
1.000
0.743
0.743
1.000
1.000
0.362
1.000
0.362
0.362
1.000
0.564
0.564
0.421
0.413
1.000
0.646
0.413
0.380
0.421
0.423
0.380
0.413
0.414
1.000
0.646
0.413
0.414
0.497
1.000
1.000
0.380
0.497
0.497
0.362
1.000
0.380
0.380
1.000
1.000
1.000
1.000
1.000
1.000
0.516
1.000
1.000
0.516
0.516
1.000
1.000
1.000
1.000
0.427
0.357
1.000
0.968
0.504
0.427
0.426
0.357
0.360
0.968
0.524
1.000
1.000
0.524
0.524
1.000
0.270
0.319
0.302
1.000
1.000
0.388
0.359
0.270
0.271
0.516
0.319
0.320
0.301
0.302
1.000
0.595
0.401
0.445
1.000
1.000
0.392
0.433
0.595
0.595
0.522
0.401
0.401
0.445
0.445
1.000
1.000
0.939
0.939
1.000
1.000
1.000
0.394
0.394
0.394
1.000
1.000
1.000
1.000
1.000
1.000
0.618
1.000
0.507
0.560
0.618
0.502
0.590
0.507
0.560
0.460
1.000
1.000
1.000
0.587
1.000
0.783
0.587
0.589
0.783
1.000
1.000
1.000
1.000
1.000
0.346
1.000
0.346
0.346
1.000
1.000
1.000
1.000
1.000
0.508
1.000
0.508
0.508
0.568
0.571
1.000
1.000
0.406
0.533
0.567
0.568
0.468
0.572
0.571
0.382
1.000
0.402
0.406
1.000
1.000
1.000
1.000
1.000
0.443
1.000
0.443
0.443
0.530
0.467
1.000
1.000
0.446
0.530
0.530
0.467
0.467
1.000
1.000
1.000
1.000
1.000
1.000
1.000
0.414
1.000
1.000
0.414
0.411
1.000
0.471
1.000
1.000
0.471
0.471
1.000
1.000
1.000
1.000
0.385
1.000
1.000
0.382
0.385
1.000
0.447
1.000
1.000
0.447
0.447
1.000
1.000
0.516
0.516
1.000
1.000
1.000
1.000
1.000
1.000
0.408
0.415
1.000
1.000
0.677
0.408
0.406
0.415
0.413
1.000
1.000
1.000
1.000
1.000
1.000
1.000
0.620
0.694
1.000
1.000
0.632
0.620
0.620
0.694
0.694
1.000
0.457
0.389
0.988
0.519
0.363
0.458
0.455
0.390
0.371
0.519
1.000
1.000
1.000
1.000
1.000
1.000
1.000
0.510
0.510
0.444
0.604
0.422
0.427
1.000
1.000
0.493
0.376
0.375
0.444
0.444
0.343
0.345
0.604
0.604
0.694
0.422
0.422
0.427
0.427
1.000
1.000
1.000
1.000
1.000
0.520
0.520
1.000
0.694
0.694
0.332
1.000
1.000
0.332
0.332
1.000
1.000
0.695
0.695
1.000
1.000
1.000
1.000
0.708
0.708
1.000
0.694
0.694
1.000
0.674
0.674
1.000
0.674
0.674
1.000
0.690
0.690
1.000
0.744
0.744
1.000
1.000
1.000
0.369
1.000
0.709
0.369
0.370
0.709
1.000
1.000
1.000
0.369
1.000
1.000
0.369
0.369
1.000
0.323
0.323
0.323
1.000
1.000
1.000
0.255
1.000
0.646
0.255
0.256
0.646
1.000
1.000
1.000
1.000
1.000
1.000
0.508
0.461
0.320
1.000
1.000
0.458
0.345
0.508
0.508
0.395
0.461
0.461
0.320
0.320
1.000
0.395
1.000
0.991
0.395
0.396
0.991
0.456
0.460
0.392
0.456
0.455
0.536
0.345
1.000
0.532
0.396
0.536
0.456
0.345
0.345
0.532
0.395
1.000
0.505
0.395
0.371
0.505
0.501
0.487
0.472
1.000
0.528
0.409
0.458
0.501
0.564
0.492
0.487
0.419
0.472
0.460
0.528
1.000
1.000
1.000
0.245
1.000
1.000
0.245
0.245
1.000
1.000
1.000
1.000
0.342
0.241
1.000
0.624
0.245
0.342
0.342
0.241
0.241
0.624
1.000
1.000
1.000
0.386
1.000
1.000
0.385
0.386
1.000
1.000
1.000
1.000
0.371
0.483
1.000
0.719
0.353
0.371
0.356
0.483
0.460
0.719
0.351
1.000
0.972
0.351
0.353
0.972
0.396
0.385
0.206
0.395
1.000
1.000
0.307
0.396
0.383
0.396
0.396
0.371
0.483
0.385
0.385
0.353
0.206
0.206
0.395
0.395
1.000
1.000
1.000
1.000
0.396
0.383
1.000
0.683
0.325
0.353
0.396
0.396
0.302
0.383
0.376
0.308
0.683
0.325
0.323
1.000
0.513
0.513
0.448
1.000
0.724
0.448
0.448
0.724
0.410
1.000
0.518
0.410
0.379
0.518
0.535
0.340
1.000
1.000
0.331
0.535
0.535
0.340
0.340
1.000
0.498
0.340
1.000
0.999
0.321
0.498
0.499
0.340
0.342
0.999
1.000
0.602
0.602
1.000
0.653
0.653
1.000
0.667
0.667
0.442
0.999
1.000
0.446
0.442
0.999
1.000
0.638
0.638
1.000
0.999
0.999
1.000
1.000
1.000
1.000
1.000
1.000
0.595
0.367
1.000
0.660
0.369
0.595
0.569
0.367
0.367
0.660
1.000
1.000
1.000
0.387
0.366
1.000
0.622
0.677
0.387
0.392
0.366
0.367
0.622
0.348
1.000
0.569
0.348
0.359
0.569
1.000
0.689
0.689
0.369
1.000
0.622
0.369
0.366
0.622
1.000
1.000
1.000
1.000
1.000
1.000
0.473
1.000
1.000
0.473
0.473
1.000
0.632
1.000
1.000
0.632
0.632
1.000
0.569
0.415
1.000
0.629
0.382
0.569
0.561
0.415
0.419
0.629
1.000
1.000
1.000
0.555
